0.00512519731285249
0.0111268932872203
0.0171340815294663
0.0231412697717122
0.0291484580139582
0.0351556462562042
0.0411628344984502
0.0471700227406962
0.0531772109829422
0.059466306453169
0.0662281817727842
0.0729900570923994
0.0797519324120147
0.0865138077316299
0.0932756830512451
0.10003755837086
0.106799433690476
0.113567754261198
0.120817856912104
0.128260278212694
0.135702699513284
0.143145120813874
0.150587542114464
0.158029963415054
0.165472384715644
0.172914806016234
0.180630858445103
0.188801116355675
0.196980000694645
0.205158885033614
0.213337769372584
0.221516653711554
0.229695538050524
0.237874422389494
0.246098666648762
0.254754938389001
0.263462752740366
0.272170567091732
0.280878381443097
0.289586195794462
0.298294010145827
0.307001824497193
0.315848198202584
0.32509265219115
0.334481302700783
0.343924579254425
0.353603754713246
0.363282930172067
0.372962105630889
0.38264128108971
0.392320456548531
0.401999632007353
0.411778491684563
0.421875542394185
0.4325058756097
0.443546762631006
0.454649502631935
0.465752242632864
0.476854982633793
0.487957722634722
0.499060462635651
0.510164799389083
0.521472505813607
0.533125242641134
0.545077861717741
0.557045898081778
0.569013934445815
0.580981970809852
0.59295000717389
0.604918043537927
0.616894740798255
0.628873037525836
0.640851334253417
0.653082574402264
0.665601737304291
0.678120900206317
0.690640063108344
0.703159226010371
0.715678388912398
0.72826729306219
0.741140036896322
0.754057639650302
0.766975242404282
0.779892845158262
0.792810447912242
0.805728050666222
0.818991130415568
0.832543509847282
0.846095889278997
0.859648268710711
0.873320278234682
0.887071872128781
0.900823466022879
0.914575059916977
0.928326653811076
0.942440042024439
0.956830031518329
0.971220021012219
0.98561001050611
1
