7.97415596799996e-05
0.000159483119359999
0.000239224679039999
0.000318966238719998
0.000398707798399998
0.000478449358079998
0.000558190917759997
0.000637932477439997
0.000717674037119996
0.00236229319255972
0.00400691234799944
0.00565153150343916
0.00729615065887888
0.0089407698143186
0.0105853889697583
0.012230008125198
0.0138788136707255
0.0166171182307737
0.0197824869222935
0.0229484672256218
0.0266508140296211
0.0304082799789277
0.0341657459282343
0.037923211877541
0.0416806778268475
0.0454381437761541
0.0491956097254608
0.0529530756747674
0.058287905108407
0.0645123263484935
0.0707677063325853
0.0770230863166771
0.0832784663007689
0.0895338462848607
0.0957892262689525
0.102044606253044
0.108314961576759
0.115362756841318
0.122539678114188
0.129716599387059
0.137412994191299
0.146218920485555
0.155125506439466
0.164032092393378
0.17293867834729
0.181845264301202
0.190751850255114
0.199658436209026
0.208596043327502
0.218918929933752
0.230210386897848
0.241534327488557
0.252858268079265
0.264182208669974
0.275649618196614
0.287414702623405
0.299179787050195
0.310944871476986
0.322709955903777
0.334475040330568
0.346240124757358
0.358005209184149
0.3712796442838
0.385168169204255
0.399748248463886
0.414402733146848
0.42905721782981
0.443711702512772
0.458366187195733
0.473020671878695
0.487862542026554
0.503040352585489
0.518218163144424
0.533395973703359
0.548573784262295
0.564057244851209
0.580328706688694
0.597150945504022
0.613973184319349
0.630795423134677
0.647617661950004
0.664439900765332
0.681262139580659
0.698953024096111
0.71693502234895
0.734917020601788
0.752899018854626
0.770881017107465
0.78895389935805
0.807535249032475
0.8261165987069
0.844697948381325
0.86327929805575
0.881860647730175
0.900901441026556
0.920721152821245
0.940540864615934
0.960360576410622
0.980180288205311
1
