8.29925804186659e-05
0.000165985160837332
0.000248977741255998
0.000331970321674663
0.000414962902093329
0.000497955482511995
0.000580948062930661
0.000663940643349327
0.000746933223767993
0.00227746355711503
0.00380799389046207
0.0053385242238091
0.00686905455715614
0.00839958489050317
0.00993011522385021
0.0114606455571972
0.0130666022242454
0.0162828010325866
0.0198554781721749
0.0234281553117633
0.0270008324513516
0.03057350959094
0.0341461867305283
0.0377188638701167
0.041291541009705
0.0449667173761031
0.0490572554493122
0.0531622486931578
0.0587621749915132
0.0647013466349094
0.0706405182783056
0.0765796899217018
0.0825188615650981
0.0884580332084943
0.0943972048518905
0.100336376495287
0.107038275270869
0.115314355990598
0.123881014577581
0.132447673164565
0.141014331751548
0.149580990338532
0.158147648925515
0.166714307512499
0.175280966099482
0.183847624686466
0.192414283273449
0.200980941860433
0.210145343744709
0.221111527811779
0.232265370552078
0.243419213292376
0.254573056032675
0.265726898772974
0.276880741513273
0.288034584253572
0.29918842699387
0.311212428719331
0.323835332882701
0.336458237046071
0.349081141209441
0.361749285984159
0.375265716725754
0.389071282722835
0.402876848719915
0.416682414716996
0.430487980714077
0.444293546711157
0.458099112708238
0.472089063634697
0.487038688204687
0.502972307434568
0.518909250979812
0.534846194525056
0.550783138070301
0.566720081615545
0.583066678264157
0.599454640994662
0.615842603725168
0.632230566455674
0.648618529186179
0.665006491916685
0.681630759469118
0.699464507561539
0.717741627810488
0.736018748059437
0.754295868308386
0.772572988557334
0.790850108806283
0.809127229055232
0.827404349304181
0.84568146955313
0.863958589802079
0.882235710051028
0.901072456173483
0.920857964938787
0.94064347370409
0.960428982469393
0.980214491234697
1
