0.00381636366941637
0.00871456979434285
0.0136127759192693
0.0185109820441958
0.0234091881691223
0.0283073942940488
0.0332056004189753
0.0381038065439018
0.0430020126688282
0.0482485988534042
0.0537655834571476
0.059282568060891
0.0647995526646344
0.0703165372683778
0.0758335218721211
0.0813505064758645
0.0868674910796079
0.0925134850859053
0.0987683978899631
0.105070144252398
0.111371890614833
0.117673636977268
0.123975383339702
0.130277129702137
0.136578876064572
0.142880622427007
0.149835921553922
0.156984984835115
0.164134048116309
0.171283111397502
0.178432174678695
0.185581237959889
0.192730301241082
0.199936054687789
0.207611062426781
0.215823993555581
0.22403692468438
0.23224985581318
0.240462786941979
0.248675718070779
0.256888649199578
0.265128188076647
0.273784718748905
0.282896564221658
0.292054748313319
0.30121293240498
0.31037111649664
0.319529300588301
0.328687484679961
0.337845668771622
0.347415045148091
0.357587948570303
0.367819630481852
0.378051312393401
0.38828299430495
0.398514676216499
0.408746358128048
0.419080093181592
0.429808073959564
0.441217192373822
0.452742518718835
0.464273953106441
0.476190187361577
0.488217538577944
0.500244889794311
0.512272241010678
0.524299592227045
0.536326943443413
0.548494186902448
0.561117128738619
0.573944534573918
0.586771940409217
0.599599346244516
0.612426752079815
0.625254157915114
0.638404378999919
0.652514048535996
0.666894417142543
0.681316434134784
0.695738451127024
0.710165016093086
0.724594831412681
0.739024646732276
0.753454462051871
0.767884277371466
0.782377421334915
0.797491990820284
0.812718552776498
0.827945114732711
0.843171676688925
0.858398238645138
0.873826779538334
0.889455623257075
0.905084466975815
0.920713310694555
0.936483933487959
0.952362950115969
0.968241966743979
0.98412098337199
1
