0.00196932322876689
0.00631331668857506
0.0107027700164569
0.0150922233443387
0.0194816766722205
0.0238711300001023
0.0282605833279841
0.0326500366558659
0.0370394899837477
0.0417993395750481
0.047070081618711
0.0523408236623739
0.0576115657060369
0.0628823077496998
0.0681530497933628
0.0734237918370257
0.0786945338806886
0.0840734978619972
0.0902715352903654
0.0965314218124661
0.102791308334567
0.109051194856668
0.115311081378768
0.121570967900869
0.12783085442297
0.134107863215713
0.140902104717407
0.147820133425886
0.154738162134364
0.161656190842843
0.168574219551321
0.175492248259799
0.182410276968278
0.189356969984416
0.196913412802193
0.205135514587599
0.213376141745188
0.221616768902777
0.229857396060366
0.238098023217955
0.246338650375545
0.254579277533134
0.263003953549298
0.271813330968875
0.280622708388451
0.289432085808028
0.298241463227604
0.30705084064718
0.315860218066757
0.324748263308402
0.334280300700026
0.344410441564686
0.354593675044153
0.36477690852362
0.374960142003086
0.385143375482553
0.39532660896202
0.405556397403848
0.416341595587596
0.427780853002956
0.439279282345273
0.450777711687589
0.462276141029905
0.473774570372221
0.485272999714537
0.496787225163992
0.508857623464494
0.521157573188347
0.533519377047359
0.546281160343452
0.559595995336225
0.572910830328999
0.586225665321773
0.599540500314546
0.61285533530732
0.626282260378609
0.640604708894151
0.655281756121488
0.669958803348825
0.684635850576161
0.699312897803498
0.713989945030835
0.728778444107073
0.744145502163759
0.759565436965642
0.774985371767524
0.790499849334193
0.806096213340888
0.821692577347583
0.837288941354279
0.852885305360974
0.868877792157439
0.885263114539826
0.901648436922213
0.9180337593046
0.934423999565574
0.950817999674181
0.967211999782787
0.983605999891393
1
