6.40904657834013e-05
0.000128180931566803
0.000192271397350204
0.000256361863133605
0.000320452328917006
0.000384542794700408
0.000448633260483809
0.00051272372626721
0.000576814192050612
0.00239151889087303
0.00425198366200686
0.00611244843314069
0.00797291320427452
0.00983337797540835
0.0116938427465422
0.013554307517676
0.0154147722888098
0.0176912775066656
0.0209439586608383
0.0243006548600599
0.0279805663569107
0.0321091558876589
0.0362377454184071
0.0403663349491553
0.0444949244799035
0.0486235140106517
0.0527521035413999
0.0568806930721481
0.0611927344147648
0.0669080591009822
0.0736784028895033
0.0805194566281127
0.087360510366722
0.0942015641053314
0.101042617843941
0.10788367158255
0.114724725321159
0.121565779059769
0.129036918691582
0.136782305561989
0.144527692432396
0.152447590695639
0.161433149057258
0.171197479667532
0.180983765962639
0.190770052257746
0.200556338552853
0.21034262484796
0.220128911143066
0.229915197438173
0.239971563821565
0.250892435921521
0.262591431750567
0.274329718998579
0.286068006246592
0.297806293494605
0.310092558645708
0.322679079903886
0.335265601162063
0.34785212242024
0.360438643678417
0.373025164936595
0.385611686194772
0.39837674958532
0.412150113670125
0.426682614269491
0.441566332438562
0.456450050607632
0.471333768776703
0.486217486945774
0.501298450821048
0.516672802159863
0.532047153498678
0.547421504837493
0.562795856176308
0.578170207515123
0.593544558853938
0.609431744824353
0.626342447542298
0.643253150260243
0.660163852978187
0.677074555696132
0.694145461757381
0.711590147835143
0.729034833912905
0.746479519990667
0.763924206068429
0.781368892146191
0.798896236840357
0.81688603053306
0.834875824225764
0.852865617918468
0.870855411611171
0.888845205303875
0.907269298770939
0.925815439016751
0.944361579262563
0.962907719508375
0.981453859754188
1
